7
20
21
22
23
25
53
79
80
88
110
111
135
139
143
161
162
280
389
443
445
497
515
541
548
636
853
993
995
1025
1028
1029
1089
1096
1433
1434
1521
1556
1720
1723
1917
2049
2121
2144
2375
2379
2380
2381
2869
3000
3128
3268
3306
3333
3389
4045
4480
4899
5000
5001
5060
5061
5432
5684
5671
5985
5989
5986
6000
6379
6380
6443
6969
7183
7443
8002
8080
8081
8082
8083
8084
8088
8090
8093
8180
8300
8443
8883
9001
9090
9092
9093
9100
9200
9300
9444
9500
9999
10000
13782
27017
27018
27019
27020
49000
50000
50001
50002
